8 0.126562 0.129108 0.229687 0.197183
8 0.378125 0.126761 0.225000 0.230047
8 0.625000 0.129108 0.231250 0.215962
8 0.876563 0.138498 0.234375 0.183099
8 0.126562 0.377934 0.239063 0.183099
8 0.376563 0.382629 0.226562 0.197183
8 0.626563 0.380282 0.234375 0.143192
8 0.875000 0.375587 0.218750 0.220657
8 0.125000 0.619718 0.226562 0.204225
8 0.376563 0.622066 0.231250 0.220657
8 0.625000 0.617371 0.234375 0.190141
8 0.876563 0.624413 0.234375 0.201878
8 0.125000 0.877934 0.235937 0.206573
8 0.373437 0.884977 0.221875 0.215962
8 0.626563 0.884977 0.240625 0.157277
8 0.875000 0.910798 0.242188 0.171362
